10108
11522
11618
11838
11933
11943
11953
12309
12923
13139
13315
14794
14899
15940
16703
16918
17486
19437
19934
20055
20821
21109
21280
22588
24203
24641
25269
25319
25372
25589
26352
26910
28160
28596
28756
29382
29838
29887
30408
30431
30564
31234
3158
3172
31802
31838
32054
33246
33544
34127
34239
35987
36577
36624
3683
36946
36975
36979
37060
37222
37225
38247
38642
38818
38830
38979
39403
39842
40549
40722
40841
40910
40925
41138
41567
41654
41711
41815
41928
42172
42215
4250
43951
43985
45214
45844
45946
45982
46807
47688
48261
48531
48680
48682
4931
49467
49980
5035
50654
50812
51186
51522
52071
5302
53153
53156
53728
53774
54079
55006
55164
55406
55409
55527
5603
56155
56270
56868
59047
59586
59818
60187
60252
60306
61678
6200
62007
62961
63932
64296
64499
6490
65377
66217
66581
67238
67296
67803
6802
68279
69215
69615
69855
70096
71242
71754
72016
7208
72210
72720
7655
7841
8007
8510
8808
9028
9435